%corn maskingjorda
res = [999999 899999 799999 699999 599999 499999 399999 299999 199999 ...
    99999 89999 79999 69999 59999 49999 39999 29999 19999 ...
    9999 8999 7999 6999 5999 4999 3999 2999 1999 ...
    999 899 799 699 599 499 399 299 199 ...
    99 89 79 69 59 49 39 29 19 9 8 7 6 5 4 3 2 1 0];

oa1 = [];
oa2 = [];
oa3 = [];
